,E,a_1_2,a_1_3,a_2_2,a_3_2,back_w_2_11,back_w_2_12,back_w_2_13,back_w_2_21,back_w_2_22,back_w_2_23,back_w_3_11,back_w_3_21,back_w_3_31,dE_dw_11_2,dE_dw_11_3,dE_dw_12_2,dE_dw_13_2,dE_dw_21_2,dE_dw_21_3,dE_dw_22_2,dE_dw_23_2,dE_dw_31_3,d_1_2,d_1_3,d_2_2,d_3_2,itteration,w_2_11,w_2_12,w_2_13,w_2_21,w_2_22,w_2_23,w_3_11,w_3_21,w_3_31,x_1,x_2,y
0,0.0605714,0.47215805,0.34805575,0.7874389,0.4968688,0.08464715211,0.73050503212,0.7697502213,-0.19406396221,0.58308925222,-0.74392574223,-0.08977938311,-0.21492132321,-1.01041801331,0.00103316,-0.03729026,0.00103316,0.01917472,0.00103316,-0.06219063,0.00201899,0.01917472,-0.03924188,0.00103316,-0.07897835,0.00201899,0.01917472,0,0.08361399211,0.72848604212,0.75057548213,-0.19509712221,0.58107026222,-0.76310046223,-0.05248912311,-0.15273069321,-0.97117613331,1,1,0
1,0.19431041,0.4516357,0.3766054,0.64177793,0.32214629,0.08464715211,0.73050503212,0.7697502213,-0.19731818221,0.57585773222,-0.77621833223,-0.02367947311,-0.12099282321,-0.96326974331,0.0,0.06609991,0.0,0.0,-0.00325422,0.0939285,-0.00723152,-0.03229259,0.04714827,-0.00325422,0.1463567,-0.00723152,-0.03229259,1,0.08464715211,0.73050503212,0.7697502213,-0.19406396221,0.58308925222,-0.74392574223,-0.08977938311,-0.21492132321,-1.01041801331,0,1,1
2,0.23099161,0.52114916,0.32030653,0.67491609,0.68346685,0.08377272211,0.7265768212,0.73891289213,-0.19731818221,0.57585773222,-0.77621833223,0.05343822311,-0.02112127321,-0.86213289331,-0.00087443,0.07711769,-0.00087443,-0.03083731,0.0,0.09987155,0.0,0.0,0.10113685,-0.00087443,0.14797624,-0.00392823,-0.03083731,2,0.08464715211,0.73050503212,0.7697502213,-0.19731818221,0.57585773222,-0.77621833223,-0.02367947311,-0.12099282321,-0.96326974331,1,0,1
3,0.07909691,0.5,0.39773587,0.5,0.5,0.08377272211,0.7265768212,0.73891289213,-0.19731818221,0.57585773222,-0.77621833223,0.00580099311,-0.0687585321,-0.90977012331,0.0,-0.04763723,0.0,0.0,0.0,-0.04763723,0.0,0.0,-0.04763723,-0.00127282,-0.09527447,0.00050308,0.02053481,3,0.08377272211,0.7265768212,0.73891289213,-0.19731818221,0.57585773222,-0.77621833223,0.05343822311,-0.02112127321,-0.86213289331,0,0,0
4,0.07147042,0.47164409,0.37807517,0.78624443,0.49067472,0.08364421211,0.7276041212,0.75912515213,-0.19744669221,0.57688503222,-0.75600607223,-0.03612744311,-0.13865442321,-0.95339035331,-0.00012851,-0.04192843,-0.00012851,0.02021226,-0.00012851,-0.06989592,0.0010273,0.02021226,-0.04362023,-0.00012851,-0.08889846,0.0010273,0.02021226,4,0.08377272211,0.7265768212,0.73891289213,-0.19731818221,0.57585773222,-0.77621833223,0.00580099311,-0.0687585321,-0.90977012331,1,1,0
5,0.18060938,0.45079807,0.39898522,0.64035034,0.31951402,0.08364421211,0.7276041212,0.75912515213,-0.19873577221,0.57228291222,-0.785881223,0.02884201311,-0.04636652321,-0.90734169331,0.0,0.06496945,0.0,0.0,-0.00128908,0.0922879,-0.00460212,-0.02987493,0.04604866,-0.00128908,0.14412095,-0.00460212,-0.02987493,5,0.08364421211,0.7276041212,0.75912515213,-0.19744669221,0.57688503222,-0.75600607223,-0.03612744311,-0.13865442321,-0.95339035331,0,1,1
6,0.21350579,0.52089887,0.34653877,0.67427929,0.68116376,0.08470933211,0.72609721212,0.72996555213,-0.19873577221,0.57228291222,-0.785881223,0.10592258311,0.05341068321,-0.80654575331,0.00106512,0.07708057,0.00106512,-0.0291596,0.0,0.0997772,0.0,0.0,0.10079594,0.00106512,0.14797607,-0.00150689,-0.0291596,6,0.08364421211,0.7276041212,0.75912515213,-0.19873577221,0.57228291222,-0.785881223,0.02884201311,-0.04636652321,-0.90734169331,1,0,1
7,0.08811482,0.5,0.41979713,0.5,0.5,0.08470933211,0.72609721212,0.72996555213,-0.19873577221,0.57228291222,-0.785881223,0.05479811311,0.00228621321,-0.85767022331,0.0,-0.05112447,0.0,0.0,0.0,-0.05112447,0.0,0.0,-0.05112447,-0.00270762,-0.10224894,-0.0013653,0.02061711,7,0.08470933211,0.72609721212,0.72996555213,-0.19873577221,0.57228291222,-0.785881223,0.10592258311,0.05341068321,-0.80654575331,0,0,0
8,0.08157021,0.47152424,0.40390644,0.78556223,0.48602478,0.08338141211,0.72605976212,0.75080071213,-0.20006369221,0.57224546222,-0.76504584223,0.00894382311,-0.07410732321,-0.90493465331,-0.00132792,-0.04585429,-0.00132792,0.02083516,-0.00132792,-0.07639353,-3.745e-05,0.02083516,-0.04726443,-0.00132792,-0.09724695,-3.745e-05,0.02083516,8,0.08470933211,0.72609721212,0.72996555213,-0.19873577221,0.57228291222,-0.785881223,0.05479811311,0.00228621321,-0.85767022331,1,1,0
9,0.16932292,0.45015024,0.41806716,0.63928114,0.31755176,0.08338141211,0.72605976212,0.75080071213,-0.19975028221,0.56982603222,-0.79281056223,0.07267461311,0.01639999321,-0.85997672331,0.0,0.06373079,0.0,0.0,0.00031341,0.09050731,-0.00241943,-0.02776472,0.04495793,0.00031341,0.1415767,-0.00241943,-0.02776472,9,0.08338141211,0.72605976212,0.75080071213,-0.20006369221,0.57224546222,-0.76504584223,0.00894382311,-0.07410732321,-0.90493465331,0,1,1
10,0.19890636,0.52083328,0.36927603,0.67394002,0.67935314,0.0860458211,0.72658917212,0.7232813213,-0.19975028221,0.56982603222,-0.79281056223,0.14918643311,0.1154036321,-0.76017791331,0.00266439,0.07651182,0.00266439,-0.02751941,0.0,0.09900361,0.0,0.0,0.09979881,0.00266439,0.1469027,0.00052941,-0.02751941,10,0.08338141211,0.72605976212,0.75080071213,-0.19975028221,0.56982603222,-0.79281056223,0.07267461311,0.01639999321,-0.85997672331,1,0,1
11,0.09608262,0.5,0.43836656,0.5,0.5,0.0860458211,0.72658917212,0.7232813213,-0.19975028221,0.56982603222,-0.79281056223,0.09522321311,0.06144038321,-0.81414113331,0.0,-0.05396322,0.0,0.0,0.0,-0.05396322,0.0,0.0,-0.05396322,-0.00402529,-0.10792643,-0.00311378,0.02051082,11,0.0860458211,0.72658917212,0.7232813213,-0.19975028221,0.56982603222,-0.79281056223,0.14918643311,0.1154036321,-0.76017791331,0,0,0
12,0.09057331,0.47160447,0.42561322,0.78523105,0.48262468,0.08357684211,0.72551107212,0.74443321213,-0.20221924221,0.56874793222,-0.77165865223,0.0461536311,-0.02026151321,-0.86435737331,-0.00246896,-0.04906961,-0.00246896,0.02115191,-0.00246896,-0.08170189,-0.0010781,0.02115191,-0.05021624,-0.00246896,-0.10404822,-0.0010781,0.02115191,12,0.0860458211,0.72658917212,0.7232813213,-0.19975028221,0.56982603222,-0.79281056223,0.09522321311,0.06144038321,-0.81414113331,1,1,0
13,0.16016083,0.44961676,0.43403034,0.63847422,0.31612042,0.08357684211,0.72551107212,0.74443321213,-0.20063135221,0.56809771222,-0.79763822223,0.10866351311,0.06850513321,-0.82040736331,0.0,0.06250991,0.0,0.0,0.00158789,0.08876664,-0.00065022,-0.02597957,0.04395001,0.00158789,0.13902932,-0.00065022,-0.02597957,13,0.08357684211,0.72551107212,0.74443321213,-0.20221924221,0.56874793222,-0.77165865223,0.0461536311,-0.02026151321,-0.86435737331,0,1,1
14,0.18694061,0.52088206,0.38854173,0.67381944,0.67796452,0.0875163211,0.72769831212,0.71841295213,-0.20063135221,0.56809771222,-0.79763822223,0.18433124311,0.16638984321,-0.72192051331,0.00393946,0.07566773,0.00393946,-0.02602026,0.0,0.09788471,0.0,0.0,0.09848685,0.00393946,0.14526845,0.00218724,-0.02602026,14,0.08357684211,0.72551107212,0.74443321213,-0.20063135221,0.56809771222,-0.79763822223,0.10866351311,0.06850513321,-0.82040736331,1,0,1
15,0.10293673,0.5,0.45373281,0.5,0.5,0.0875163211,0.72769831212,0.71841295213,-0.20063135221,0.56809771222,-0.79763822223,0.12810028311,0.11015888321,-0.77815147331,0.0,-0.05623096,0.0,0.0,0.0,-0.05623096,0.0,0.0,-0.05623096,-0.00518256,-0.11246192,-0.00467813,0.02029714,15,0.0875163211,0.72769831212,0.71841295213,-0.20063135221,0.56809771222,-0.79763822223,0.18433124311,0.16638984321,-0.72192051331,0,0,0
16,0.09836999,0.47175135,0.44355381,0.78512661,0.48020404,0.08402154211,0.72566381212,0.73967664213,-0.20412611221,0.56606321222,-0.77637453223,0.0764552311,0.02420698321,-0.83072191331,-0.00349476,-0.05164508,-0.00349476,0.02126369,-0.00349476,-0.0859519,-0.0020345,0.02126369,-0.05257044,-0.00349476,-0.10947521,-0.0020345,0.02126369,16,0.0875163211,0.72769831212,0.71841295213,-0.20063135221,0.56809771222,-0.79763822223,0.12810028311,0.11015888321,-0.77815147331,1,1,0
17,0.15279278,0.44914493,0.44720207,0.63785429,0.31510178,0.08402154211,0.72566381212,0.73967664213,-0.20154107221,0.56682737222,-0.8008747223,0.13783467311,0.11137518321,-0.78766058331,0.0,0.06137947,0.0,0.0,0.00258504,0.0871682,0.00076416,-0.02450017,0.04306133,0.00258504,0.13665849,0.00076416,-0.02450017,17,0.08402154211,0.72566381212,0.73967664213,-0.20412611221,0.56606321222,-0.77637453223,0.0764552311,0.02420698321,-0.83072191331,0,1,1
18,0.17724934,0.52099304,0.40460209,0.67385301,0.67692514,0.08895526211,0.72917464212,0.71496932213,-0.20154107221,0.56682737222,-0.8008747223,0.21256117311,0.20802652321,-0.6905686331,0.00493372,0.0747265,0.00493372,-0.02470732,0.0,0.09665134,0.0,0.0,0.09709198,0.00493372,0.1434309,0.00351083,-0.02470732,18,0.08402154211,0.72566381212,0.73967664213,-0.20154107221,0.56682737222,-0.8008747223,0.13783467311,0.11137518321,-0.78766058331,1,0,1
19,0.1087195,0.5,0.46630354,0.5,0.5,0.08895526211,0.72917464212,0.71496932213,-0.20154107221,0.56682737222,-0.8008747223,0.15453796311,0.15000331321,-0.74859181331,0.0,-0.05802321,0.0,0.0,0.0,-0.05802321,0.0,0.0,-0.05802321,-0.00616674,-0.11604642,-0.00603518,0.0200345,19,0.08895526211,0.72917464212,0.71496932213,-0.20154107221,0.56682737222,-0.8008747223,0.21256117311,0.20802652321,-0.6905686331,0,0,0
20,0.1049808,0.47188324,0.45821566,0.78516136,0.47853685,0.08457433211,0.72629632212,0.7362189213,-0.205922221,0.56394905222,-0.77962512223,0.1008594311,0.06068814321,-0.80302724331,-0.00438093,-0.05367856,-0.00438093,0.02124958,-0.00438093,-0.08931517,-0.00287832,0.02124958,-0.05443543,-0.00438093,-0.1137539,-0.00287832,0.02124958,20,0.08895526211,0.72917464212,0.71496932213,-0.20154107221,0.56682737222,-0.8008747223,0.15453796311,0.15000331321,-0.74859181331,1,1,0
21,0.14690074,0.44870065,0.45796543,0.63736578,0.31440069,0.08457433211,0.72629632212,0.7362189213,-0.20256503221,0.56583638222,-0.80291519223,0.16123249311,0.14644629321,-0.76072434331,0.0,0.06037309,0.0,0.0,0.00335697,0.08575815,0.00188733,-0.02329007,0.0423029,0.00335697,0.13455092,0.00188733,-0.02329007,21,0.08457433211,0.72629632212,0.7362189213,-0.205922221,0.56394905222,-0.77962512223,0.1008594311,0.06068814321,-0.80302724331,0,1,1
22,0.16945573,0.52113099,0.41783898,0.673992,0.67616848,0.09027218211,0.73085308212,0.7126306213,-0.20256503221,0.56583638222,-0.80291519223,0.23503007311,0.24189058321,-0.66497184331,0.00569785,0.07379758,0.00569785,-0.0235883,0.0,0.09544429,0.0,0.0,0.0957525,0.00569785,0.14161042,0.00455676,-0.0235883,22,0.08457433211,0.72629632212,0.7362189213,-0.20256503221,0.56583638222,-0.80291519223,0.16123249311,0.14644629321,-0.76072434331,1,0,1
23,0.11353132,0.5,0.4765109,0.5,0.5,0.09027218211,0.73085308212,0.7126306213,-0.20256503221,0.56583638222,-0.80291519223,0.17559766311,0.18245817321,-0.72440425331,0.0,-0.05943241,0.0,0.0,0.0,-0.05943241,0.0,0.0,-0.05943241,-0.0069842,-0.11886481,-0.00718807,0.01976044,23,0.09027218211,0.73085308212,0.7126306213,-0.20256503221,0.56583638222,-0.80291519223,0.23503007311,0.24189058321,-0.66497184331,0,0,0
24,0.1105011,0.47195625,0.47010871,0.7852773,0.47744417,0.08514742211,0.72725022212,0.73379567213,-0.20768979221,0.56223352222,-0.78175012223,0.12032821311,0.09049659321,-0.78031637331,-0.00512476,-0.05526945,-0.00512476,0.02116507,-0.00512476,-0.09196158,-0.00360286,0.02116507,-0.05591212,-0.00512476,-0.11710714,-0.00360286,0.02116507,24,0.09027218211,0.73085308212,0.7126306213,-0.20256503221,0.56583638222,-0.80291519223,0.17559766311,0.18245817321,-0.72440425331,1,1,0
25,0.14220378,0.44826339,0.46670125,0.63696918,0.31394282,0.08514742211,0.72725022212,0.73379567213,-0.20373965221,0.56501115222,-0.80405817223,0.17982772311,0.17504365321,-0.73864568331,0.0,0.05949951,0.0,0.0,0.00395014,0.08454706,0.00277763,-0.02230805,0.04167069,0.00395014,0.13273336,0.00277763,-0.02230805,25,0.08514742211,0.72725022212,0.73379567213,-0.20768979221,0.56223352222,-0.78175012223,0.12032821311,0.09049659321,-0.78031637331,0,1,1
26,0.16321221,0.521274,0.42866436,0.67420156,0.67563765,0.0914267211,0.73263026212,0.71114503213,-0.20373965221,0.56501115222,-0.80405817223,0.25276777311,0.26938232321,-0.64410606331,0.00627928,0.07294005,0.00627928,-0.02265064,0.0,0.09433867,0.0,0.0,0.09453962,0.00627928,0.13992651,0.00538004,-0.02265064,26,0.08514742211,0.72725022212,0.73379567213,-0.20373965221,0.56501115222,-0.80405817223,0.17982772311,0.17504365321,-0.73864568331,1,0,1
27,0.11749624,0.5,0.48476023,0.5,0.5,0.0914267211,0.73263026212,0.71114503213,-0.20373965221,0.56501115222,-0.80405817223,0.19222903311,0.20884358321,-0.7046448331,0.0,-0.06053874,0.0,0.0,0.0,-0.06053874,0.0,0.0,-0.06053874,-0.00765112,-0.12107747,-0.00815403,0.01949668,27,0.0914267211,0.73263026212,0.71114503213,-0.20373965221,0.56501115222,-0.80405817223,0.25276777311,0.26938232321,-0.64410606331,0,0,0
28,0.11506018,0.47195124,0.47970862,0.78543777,0.47678841,0.08569093211,0.72841632212,0.73219129213,-0.20947542221,0.56079721222,-0.78301191223,0.13572248311,0.1148034321,-0.7617305331,-0.00573577,-0.05650655,-0.00573577,0.02104626,-0.00573577,-0.09404018,-0.00421394,0.02104626,-0.0570857,-0.00573577,-0.11972964,-0.00421394,0.02104626,28,0.0914267211,0.73263026212,0.71114503213,-0.20373965221,0.56501115222,-0.80405817223,0.19222903311,0.20884358321,-0.7046448331,1,1,0
29,0.13846542,0.4478218,0.47375782,0.63663698,0.31367111,0.08569093211,0.72841632212,0.73219129213,-0.20507226221,0.56428151222,-0.80452664223,0.19447587311,0.19832899321,-0.72057743331,0.0,0.05875339,0.0,0.0,0.00440316,0.08352559,0.0034843,-0.02151473,0.04115307,0.00440316,0.13119815,0.0034843,-0.02151473,29,0.08569093211,0.72841632212,0.73219129213,-0.20947542221,0.56079721222,-0.78301191223,0.13572248311,0.1148034321,-0.7617305331,0,1,1
